#1 fraud values to test
Transaction Time	50000
Amount (₹)	200.00
V1	-2.5
V2	1.3
V3	-1.2
V4	0.7
V5	-0.8
V6	0.6
V7	-1.5
V8	0.9
V9	-2.0
V10	-1.0
V11	0.5
V12	-0.6
V13	-1.1
V14	-0.9
V15	-1.3
V16	0.4
V17	-1.7
V18	-1.9
V19	0.2
V20	-1.5
V21	-1.0
V22	0.3
V23	-0.7
V24	0.5
V25	-2.1
V26	0.6
V27	-0.8
V28	0.7

#2 fraud values to test
Time = 406
V1 = -2.312226542
V2 = 1.951992011
V3 = -1.609850732
V4 = 3.997905589
V5 = -0.522187865
V6 = -1.426545319
V7 = -2.537387306
V8 = 1.391657248
V9 = -2.770089277
V10 = -2.772272145
V11 = 3.202033207
V12 = -2.899907388
V13 = -0.595221881
V14 = -4.289253782
V15 = 0.38972412
V16 = -1.140747179
V17 = -2.830055675
V18 = -0.016822468
V19 = 0.416955705
V20 = 0.126910559
V21 = -0.356263063
V22 = -0.40319769
V23 = -0.316715063
V24 = 0.232745364
V25 = -0.202635246
V26 = 0.000204253
V27 = 0.473175573
V28 = -0.222187276
Amount = 0.00

#3 fraud values to test
Time: 406.0
V1: -2.3122265423263
V2: 1.95199201064158
V3: -1.60985073229769
V4: 3.99790558754675
V5: -0.522187864667764
V6: -1.42654531920595
V7: -2.53738730624579
V8: 1.39165724829804
V9: -2.77008927736000
V10: -2.77227214465915
V11: 3.20203320892210
V12: -2.89990738849473
V13: -0.595221881324094
V14: -4.28925378244353
V15: 0.389724299263314
V16: -1.14074717980657
V17: -2.83005567519200
V18: -0.016822468180825
V19: 0.416955705037725
V20: 0.126910559061474
V21: -0.874229944409384
V22: 0.890915671934209
V23: 0.939645277956074
V24: -0.683192626115426
V25: -0.392037591451260
V26: 0.507756869957169
V27: -0.237033561102451
V28: -0.236185689520753
Amount: 0.0